tnumber;gauge_point;count
1;1;5
1;2;6
1;3;3
1;4;3
1;5;9
1;6;2
1;7;2
1;8;0
1;9;2
1;10;0
1;11;0
1;12;0
1;13;1
1;14;2
1;15;0
1;16;3
1;17;0
1;18;0
1;19;2
1;20;6
1;21;5
2;1;0
2;2;1
2;3;1
2;4;0
2;5;0
2;6;0
2;7;0
2;8;0
2;9;0
2;10;0
2;11;0
2;12;0
2;13;1
2;14;0
2;15;0
2;16;2
2;17;1
2;18;0
2;19;0
2;20;0
2;21;0
pT3;1;5
pT3;2;3
pT3;3;0
pT3;4;1
pT3;5;1
pT3;6;1
pT3;7;0
pT3;8;0
pT3;9;0
pT3;10;2
pT3;11;0
pT3;12;0
pT3;13;0
pT3;14;0
pT3;15;0
pT3;16;1
pT3;17;1
pT3;18;1
pT3;19;1
pT3;20;3
pT3;21;2
3;1;13
3;2;1
3;3;2
3;4;1
3;5;0
3;6;0
3;7;0
3;8;1
3;9;0
3;10;0
3;11;0
3;12;0
3;13;0
3;14;0
3;15;1
3;16;1
3;17;1
3;18;0
3;19;1
3;20;3
3;21;2
4;1;2
4;2;0
4;3;1
4;4;0
4;5;0
4;6;0
4;7;0
4;8;0
4;9;1
4;10;0
4;11;0
4;12;0
4;13;0
4;14;0
4;15;0
4;16;0
4;17;1
4;18;1
4;19;3
4;20;2
4;21;1
7l;1;5
7l;2;0
7l;3;0
7l;4;1
7l;5;0
7l;6;0
7l;7;0
7l;8;0
7l;9;0
7l;10;0
7l;11;0
7l;12;0
7l;13;0
7l;14;0
7l;15;0
7l;16;0
7l;17;0
7l;18;0
7l;19;3
7l;20;1
7l;21;3
7d;1;0
7d;2;0
7d;3;1
7d;4;4
7d;5;0
7d;6;0
7d;7;0
7d;8;0
7d;9;0
7d;10;0
7d;11;0
7d;12;0
7d;13;0
7d;14;0
7d;15;0
7d;16;1
7d;17;0
7d;18;0
7d;19;0
7d;20;0
7d;21;0
7;1;1
7;2;0
7;3;0
7;4;0
7;5;0
7;6;0
7;7;0
7;8;0
7;9;0
7;10;0
7;11;0
7;12;0
7;13;0
7;14;0
7;15;0
7;16;0
7;17;0
7;18;0
7;19;0
7;20;0
7;21;0
9;1;1
9;2;1
9;3;0
9;4;0
9;5;0
9;6;1
9;7;0
9;8;0
9;9;0
9;10;0
9;11;0
9;12;0
9;13;0
9;14;0
9;15;0
9;16;0
9;17;0
9;18;1
9;19;0
9;20;0
9;21;0
13;1;2
13;2;0
13;3;1
13;4;0
13;5;1
13;6;0
13;7;0
13;8;0
13;9;0
13;10;0
13;11;0
13;12;0
13;13;0
13;14;0
13;15;0
13;16;0
13;17;0
13;18;0
13;19;0
13;20;2
13;21;0
16;1;1
16;2;0
16;3;0
16;4;0
16;5;0
16;6;0
16;7;0
16;8;0
16;9;0
16;10;0
16;11;0
16;12;0
16;13;0
16;14;0
16;15;0
16;16;0
16;17;0
16;18;0
16;19;1
16;20;1
16;21;1
pT21;1;1
pT21;2;0
pT21;3;0
pT21;4;0
pT21;5;0
pT21;6;0
pT21;7;0
pT21;8;0
pT21;9;0
pT21;10;0
pT21;11;0
pT21;12;0
pT21;13;0
pT21;14;0
pT21;15;0
pT21;16;0
pT21;17;0
pT21;18;0
pT21;19;0
pT21;20;0
pT21;21;1
pT25;1;1
pT25;2;0
pT25;3;0
pT25;4;0
pT25;5;0
pT25;6;0
pT25;7;0
pT25;8;0
pT25;9;0
pT25;10;0
pT25;11;0
pT25;12;0
pT25;13;0
pT25;14;0
pT25;15;0
pT25;16;0
pT25;17;0
pT25;18;0
pT25;19;0
pT25;20;3
pT25;21;0
pT27;1;1
pT27;2;0
pT27;3;0
pT27;4;0
pT27;5;0
pT27;6;0
pT27;7;0
pT27;8;0
pT27;9;0
pT27;10;0
pT27;11;0
pT27;12;0
pT27;13;0
pT27;14;0
pT27;15;0
pT27;16;0
pT27;17;0
pT27;18;0
pT27;19;0
pT27;20;0
pT27;21;0
28d;1;0
28d;2;0
28d;3;0
28d;4;0
28d;5;0
28d;6;0
28d;7;0
28d;8;0
28d;9;0
28d;10;0
28d;11;0
28d;12;0
28d;13;0
28d;14;0
28d;15;0
28d;16;0
28d;17;0
28d;18;0
28d;19;0
28d;20;0
28d;21;0
pT31;1;1
pT31;2;0
pT31;3;0
pT31;4;0
pT31;5;0
pT31;6;0
pT31;7;0
pT31;8;0
pT31;9;0
pT31;10;0
pT31;11;0
pT31;12;0
pT31;13;0
pT31;14;0
pT31;15;0
pT31;16;0
pT31;17;0
pT31;18;0
pT31;19;0
pT31;20;0
pT31;21;0
43;1;1
43;2;0
43;3;0
43;4;0
43;5;0
43;6;0
43;7;0
43;8;0
43;9;0
43;10;0
43;11;0
43;12;0
43;13;0
43;14;0
43;15;0
43;16;0
43;17;0
43;18;0
43;19;0
43;20;0
43;21;0
169;1;0
169;2;0
169;3;0
169;4;0
169;5;0
169;6;0
169;7;0
169;8;0
169;9;0
169;10;0
169;11;0
169;12;0
169;13;0
169;14;0
169;15;0
169;16;0
169;17;0
169;18;0
169;19;0
169;20;0
169;21;1
pT169;1;1
pT169;2;0
pT169;3;0
pT169;4;0
pT169;5;0
pT169;6;0
pT169;7;0
pT169;8;0
pT169;9;0
pT169;10;0
pT169;11;0
pT169;12;0
pT169;13;0
pT169;14;0
pT169;15;0
pT169;16;0
pT169;17;0
pT169;18;0
pT169;19;0
pT169;20;0
pT169;21;0
NA;1;0
NA;2;0
NA;3;0
NA;4;0
NA;5;0
NA;6;1
NA;7;0
NA;8;0
NA;9;0
NA;10;0
NA;11;0
NA;12;0
NA;13;0
NA;14;0
NA;15;0
NA;16;0
NA;17;0
NA;18;0
NA;19;0
NA;20;2
NA;21;0
